4.2009958e-02	2.1899082e-04	5.8813980e-05
1.5687197e-02	1.9997162e-04	5.6079491e-05
8.1113419e-03	1.8332630e-04	5.3531356e-05
4.9386410e-03	1.6867567e-04	5.1153020e-05
3.3180975e-03	1.5571333e-04	4.8929724e-05
2.3810805e-03	1.4418955e-04	4.6848282e-05
1.7911729e-03	1.3389908e-04	4.4896877e-05
1.3960024e-03	1.2467204e-04	4.3064900e-05
1.1184500e-03	1.1636680e-04	4.1342800e-05
9.1609816e-04	1.0886456e-04	3.9721964e-05
7.6405405e-04	1.0206505e-04	3.8194605e-05
6.4693034e-04	9.5883166e-05	3.6753671e-05
5.5480106e-04	9.0246326e-05	3.5392764e-05
4.8103101e-04	8.5092290e-05	3.4106064e-05
4.2104861e-04	8.0367460e-05	3.2888274e-05
3.7162116e-04	7.6025472e-05	3.1734560e-05
3.3041055e-04	7.2026059e-05	3.0640503e-05
2.9569186e-04	6.8334109e-05	2.9602062e-05
2.6617007e-04	6.4918899e-05	2.8615528e-05
2.4085761e-04	6.1753446e-05	2.7677500e-05
