8.9855736e-02	2.2953422e-04	6.0256838e-05
2.4193812e-02	2.0915740e-04	5.7422329e-05
1.0981751e-02	1.9137785e-04	5.4783209e-05
6.2334673e-03	1.7577229e-04	5.2321925e-05
4.0085215e-03	1.6200024e-04	5.0022851e-05
2.7916320e-03	1.4978537e-04	4.7872040e-05
2.0547785e-03	1.3890150e-04	4.5857015e-05
1.5751832e-03	1.2916208e-04	4.3966580e-05
1.2457226e-03	1.2041210e-04	4.2190674e-05
1.0097194e-03	1.1252197e-04	4.0520229e-05
8.3491228e-04	1.0538260e-04	3.8947057e-05
7.0184395e-04	9.8901705e-05	3.7463749e-05
5.9821564e-04	9.3000727e-05	3.6063591e-05
5.1594497e-04	8.7612492e-05	3.4740481e-05
4.4954356e-04	8.2679277e-05	3.3488868e-05
3.9517872e-04	7.8151258e-05	3.2303693e-05
3.5010842e-04	7.3985249e-05	3.1180335e-05
3.1232907e-04	7.0143666e-05	3.0114570e-05
2.8034915e-04	6.6593679e-05	2.9102526e-05
2.5303987e-04	6.3306508e-05	2.8140653e-05
